"","Cluster","Prob(1)","Prob(2)","Prob(3)","Prob(4)","Prob(5)","Prob(6)","Prob(7)","Prob(8)","Prob(9)","Prob(10)","Prob(11)","Prob(12)","Prob(13)","Prob(14)","Prob(16)","Prob(17)","Prob(18)","Prob(19)","Prob(20)"
"AT1",1,0.998653079700717,9.23096959094488e-18,0.000506653935097233,2.06690407153579e-05,3.12430437831857e-15,3.81745464112809e-07,1.06372329619652e-08,2.92923708797129e-05,3.14020473072436e-15,6.64030213203632e-07,1.76883778102243e-08,5.17413911056994e-23,3.98171147622152e-07,0.00070471511647417,2.97425501672943e-06,3.48906016928454e-24,8.06385738392519e-05,5.0473481863091e-07,2.2107025717971e-39
"AT2",1,0.943608281540958,5.2102336391369e-21,0.0525164294411466,0.000490763927134474,1.86716508441041e-08,0.000346750101344828,0.000163922188756226,0.00276298623550633,9.92971823973698e-11,0.000104247174592562,2.12762020246508e-13,1.41927347894379e-15,1.06516665645011e-06,5.23768025453849e-06,7.63242454416562e-11,1.62536652787771e-28,2.97580421965231e-07,1.15741750854603e-10,3.06637492097718e-26
"AT3",1,0.99275259946107,2.64494073326271e-15,0.00679194861741425,3.66599073646803e-06,5.28642185845227e-13,3.74533214196522e-05,1.02230611049839e-06,0.000257071478953907,2.12708895822645e-18,0.00015333732514095,2.97994224555341e-13,7.26059449526458e-20,7.78376325532787e-09,1.75272856995789e-10,1.81025393968444e-07,3.83916292737484e-23,2.61812414193834e-06,9.43897530269359e-08,1.26698802268774e-40
"BE1",2,0.00851241208784754,0.991358859150924,6.61557891742968e-08,3.39913990169268e-10,1.25464391018088e-28,6.77718069643264e-14,4.71435196124724e-16,5.42453356750126e-10,7.18885953449896e-34,1.90939862232374e-05,5.48482885332687e-24,1.01991995314062e-28,1.22244448665165e-15,2.96571458508048e-24,0.00010955833237432,2.48404835844857e-09,5.82923517035451e-09,1.09112085073286e-09,2.9790100336714e-75
"BE2",3,0.0234217636067307,8.45709947022471e-16,0.273351865017338,0.357178044439694,2.19919517446787e-07,0.000122858947935351,0.00693858594201828,3.53905049880264e-08,4.61331810773089e-20,0.338971539899827,1.47298703870017e-25,3.53116432646861e-08,1.50344914974086e-05,1.53840310773414e-11,8.57065141169169e-16,9.22386705707939e-30,1.70178315764493e-08,7.64752288976748e-14,1.57815555800679e-30
"BE3",4,1.6667851223716e-07,1.6151417329835e-24,0.0130545734393435,0.0171196931407773,0.0309325812849436,0.000682373012448842,0.91970445533489,7.64673394167409e-14,1.58652414512919e-26,0.0120782636195408,6.49789622195943e-33,0.00642411965061469,3.77383631779404e-06,3.47104978291417e-14,1.77644805897708e-25,1.06558154333966e-43,2.49982981456758e-12,1.84907924081957e-18,1.19193618136242e-21
"BG3",5,3.06165008545544e-21,3.23552085847587e-49,3.03499619333316e-12,1.87567316298667e-12,0.818626097351579,1.88579545038402e-11,1.22150803077436e-05,1.8673549683063e-23,7.99426606765513e-27,2.48408595234415e-13,1.67036372014782e-52,0.0881270259912243,5.12299395248373e-17,2.92038772496239e-26,8.12907928005524e-49,8.79566611206364e-70,5.26940194660552e-30,3.09203096748995e-39,0.0932346615528717
"BG4",5,9.62691737813531e-15,6.68156774819651e-42,1.78605596499428e-08,7.8824343378183e-10,0.989773842178969,1.95009328150863e-08,0.000529410275230344,3.10070457950225e-15,1.30692985070455e-17,6.52773088568397e-10,2.39166329101071e-43,0.00324000556913186,9.30266662769266e-15,2.6728170461571e-22,3.99233996792272e-39,1.28088369086221e-57,3.80870290847263e-25,3.01828804451085e-33,0.00645670317413768
"CY0",6,7.16710982112442e-09,1.15239157486488e-28,0.00127743218095919,3.73445402519655e-07,0.231084278687021,0.0229279135823171,0.744575064387582,1.12579453046315e-12,2.65630677808131e-28,0.000132568484423219,4.62474869125898e-30,2.36107208786436e-06,9.9190440681195e-10,6.43232491003384e-18,1.44332535327902e-25,2.31195996406773e-46,6.7209382368035e-14,2.39629260641307e-17,7.31108676200684e-22
"CZ0",7,0.0219903304719522,6.70222984541619e-30,0.138149431017894,0.00261644963687075,0.184363577621817,0.00392281157171251,0.175034982141266,0.0751772920652445,0.39866350315408,5.99652729153453e-05,1.1045233997031e-19,3.53114859824173e-08,4.38668897989006e-07,1.06968508076712e-06,5.71619189733677e-19,3.86448730782455e-37,2.07366032952415e-12,1.76820991319477e-18,2.01133787095167e-05
"DE1",8,0.436372565485891,5.81927242879038e-16,0.0298972622122204,1.54740096044394e-08,1.32103359319029e-09,0.00257394876882217,8.55038291303395e-05,0.52550845748968,5.71871221739835e-16,0.005562245227616,7.88851848152972e-20,2.54480159366948e-16,5.74052620948882e-13,8.16236387016082e-20,1.23840705185346e-10,7.84850718224585e-23,6.07034156035784e-11,6.47667242587839e-12,1.28333615081178e-35
"DE2",8,0.0988322006967235,2.83499984893673e-17,0.00500050940248842,2.3821723055782e-08,7.90894906298068e-10,4.10168862587919e-05,1.37950280985905e-05,0.894097726116566,9.56252965913104e-12,0.00201472724737364,2.41498534046812e-24,9.71280143091056e-15,4.51222650777293e-14,1.91831519733752e-21,1.75031716662814e-13,3.09508457002154e-23,8.06976113243609e-14,1.75814885013981e-16,3.34192125656514e-31
"DE3",1,0.816895240827428,9.60277418279589e-20,0.159561124709536,0.00016425359188023,2.68935382415656e-07,0.00187178884277769,0.00135933650828732,0.0180930793038405,2.3232987207279e-11,0.00205485608375081,3.38229495782419e-17,1.72708099880518e-13,4.33880172746817e-08,2.01347621019063e-10,4.54880314226139e-12,1.12608521606774e-27,7.57616930032542e-09,3.62896954514851e-12,4.74898653143504e-26
"DE4",9,0.000448297436316156,4.1045830184581e-30,0.00860641314640545,0.00259771524498692,0.0381250359205915,1.67905891472009e-05,0.0178057096434752,0.00172951196822327,0.929793589346929,5.06654681410881e-05,6.90592922258735e-28,1.40166694905616e-05,8.88475292880258e-09,5.479703705375e-11,1.85883561633878e-23,3.44459670354878e-38,3.6386458971126e-16,4.04994729478183e-24,0.00081224562674311
"DE5",1,0.965400697355147,5.06080112636385e-11,0.00695340559471024,2.31300104265698e-07,1.26518975220245e-13,8.09340657485274e-06,6.6162303311757e-07,0.0114418112040037,1.6803896071358e-18,0.0161950963703206,4.73442116627994e-22,1.9799796713633e-17,1.35722299747264e-12,3.21092496583952e-20,2.79067937953578e-09,1.730772950351e-18,2.98533752773077e-10,4.80152751873105e-12,1.7044233418062e-43
"DE6",1,0.905592603052644,2.80765236951168e-05,5.22522268901152e-07,2.79106057771129e-12,3.50646501757258e-25,4.06691284247089e-12,7.81059462676787e-15,0.0941571794843615,1.08914300606077e-18,8.10675631839179e-06,6.51733989147677e-22,1.7397294006842e-28,6.90076424976534e-19,1.7301218466625e-26,0.000213195841160169,3.1581073079051e-07,1.51699194483679e-12,4.38920949313895e-13,1.83609791897538e-61
"DE7",1,0.751263556886081,2.12382673563862e-15,0.0250965548361916,4.45551206410005e-07,2.85900146333163e-10,0.00016671045408018,2.83358274410993e-05,0.216130794348257,5.95398054553602e-14,0.00731360171637255,3.87279109220015e-21,2.03451931303564e-15,5.03270065428963e-12,2.6538117293266e-18,3.94544627188753e-11,3.08121063654952e-22,4.96475203681492e-11,2.71376570103608e-13,2.30766325920361e-34
"DE8",9,0.00221318916356478,1.52001976545498e-29,0.0408529972147735,0.100698374367735,0.0829437327728228,4.57503175191217e-05,0.0626686920061618,0.000692398876159891,0.708372470162042,0.000137297433979071,9.86292258454714e-26,3.50267250766002e-05,1.10719045815434e-06,1.3577034931113e-07,2.40203393976968e-22,2.84168706183743e-38,3.28670703335741e-14,2.05981859302329e-22,0.00133882799932561
"DE9",3,0.0498025419598087,2.25889648457067e-21,0.603470547445493,0.000119843799255376,0.00196359739817904,0.0272453826020004,0.23234330599017,0.0251569367701889,4.90270852675549e-11,0.0598977893922377,1.12098377399655e-24,5.29666230725818e-08,1.62471196514783e-09,7.04747920723241e-16,4.63200088437799e-17,6.71844707061448e-31,2.30431185102788e-12,1.46162293085689e-16,1.59285423641627e-19
"DEA",10,0.164885465741285,2.5180995058961e-17,0.566261179300803,0.00110966963924378,5.16047707138656e-06,0.00328752400748284,0.0226033268145195,0.000915008112296568,8.10640982671726e-15,0.240932646163113,2.63842892938777e-24,3.213781378918e-09,1.6353334517659e-08,3.69032002281184e-15,5.91286478452007e-15,6.8444708572009e-28,1.77037502583093e-10,1.33887521782429e-14,8.21558639599321e-27
"DEB",3,0.0550884034995097,7.38262273329312e-21,0.681945324551309,0.000397419942582997,0.000541258106349639,0.0346886082564011,0.182603682295499,0.00158548780313671,1.75186858573942e-13,0.0431497788373699,1.55101537396776e-22,6.90935533676784e-09,2.96707288645873e-08,1.27923482278954e-13,5.88098752119009e-16,2.76873630885148e-31,1.27437297069372e-10,1.68012472693166e-14,5.15742527642362e-22
"DEC",3,0.0395797062740311,2.53923775106159e-19,0.592820551052695,0.000490256596879821,0.000250278859152455,0.00913868118610191,0.130103359430682,0.00151907994810493,1.09947754826406e-13,0.226097951542709,3.65309476358213e-26,1.30951170221582e-07,4.15206471138385e-09,1.98463709055214e-16,5.33735193141128e-17,4.91668214544405e-30,6.29755868751083e-12,2.47683013778629e-16,7.93615932908723e-23
"DED",9,9.50294493190734e-05,2.23206909403508e-31,7.21718923417051e-05,5.99420674478459e-06,5.01844520928279e-06,1.39317221869072e-07,1.36620218790649e-05,0.0010234161289913,0.998784476471368,7.60515025837642e-08,2.39028647708253e-24,2.17586298272212e-11,9.1821732635043e-11,1.44398124980766e-10,1.1691548752741e-21,4.25437194722046e-37,2.01595225500546e-16,2.28587120637848e-23,1.57574438104358e-08
"DEE",9,7.77238908018906e-05,2.24492001507638e-31,0.000547808290121794,0.000810903849635452,0.000630941824326401,4.46560803257205e-07,0.000477816115439047,0.000112469964236612,0.997253360951391,1.48042794605898e-06,3.3659374394386e-27,1.62069692813004e-07,5.23497515834564e-09,1.12585846779861e-09,1.01822695346918e-23,5.12088804248901e-39,2.08856526882586e-16,1.27002748214391e-24,8.68796947714764e-05
"DEF",3,0.00955829336937175,2.52569628875372e-24,0.325979157977054,3.28262619775373e-05,0.0336990008828654,0.0619109534361661,0.543260099728748,0.0165857158302582,3.32168376427892e-10,0.00897387015826873,4.04758974263435e-24,8.08476924297353e-08,1.1748440136205e-09,3.42341354085158e-15,2.27267370566018e-18,8.51377407578597e-34,5.81448710550233e-13,4.03947189321733e-17,5.49781735736685e-16
"DEG",9,0.000157671213325324,6.11191142729585e-32,0.000639579646043879,2.2010584883701e-05,0.000976133856813684,4.75455104151967e-06,0.000616020134516477,0.00280625713388808,0.9947660151048,6.08933112098165e-07,1.85040854734226e-24,2.25278597263572e-09,4.59235878264901e-10,1.85037578791488e-10,3.17862606365342e-22,1.93917706996781e-38,3.84256860537131e-16,5.31014674792312e-23,1.09459445155204e-05
"DK0",11,1.06312936171929e-22,7.31145028549678e-41,2.67188886727272e-29,2.37041611049063e-31,7.53518826597883e-48,3.80643758692418e-30,4.95015307852884e-37,5.24486238856203e-33,1.59941248953783e-52,1.7278077269604e-36,0.999999928779817,1.87119530083111e-66,4.04162828223189e-25,6.69265173332074e-08,2.00832278481207e-13,2.63946890641368e-46,1.26534441216535e-13,4.29333836774344e-09,1.44603370230815e-87
"EE0",5,1.57380670630434e-06,5.56170685985681e-35,0.000699854207169654,7.84628044687781e-11,0.473113442128392,0.450370075350796,0.0757300904972451,8.48996854075823e-05,3.53183628746325e-14,6.42420037992461e-08,8.74948449690413e-18,2.49528127078012e-13,3.10209627157206e-12,4.79261791446461e-14,1.40557982053523e-20,4.38062136616582e-44,4.71755147926762e-14,2.19009227542323e-15,3.32395192169247e-13
"EL3",7,7.63678497429025e-05,1.41298879002413e-22,0.105283774594245,0.289269142185739,0.0116920525328404,0.000165612268023708,0.458668319048894,5.95091572390205e-09,3.52376971800317e-16,0.113662394874893,6.91779778578488e-33,0.0211809294565366,1.40123785006772e-06,4.84969141503761e-14,1.57188407854169e-23,1.16439777759467e-37,2.70987405443536e-13,1.13424222991003e-20,5.59290576928971e-17
"EL4",12,4.57907090532823e-19,3.04235568342667e-30,3.72650388642261e-08,8.44449773725387e-09,0.00802807459491764,1.99638677763838e-06,0.0291509779958278,3.39019104914708e-30,2.04946701153947e-57,7.99395251236477e-06,1.9109260737237e-50,0.962810911334302,2.61260499215458e-11,2.56916192997479e-28,5.85773246245995e-40,4.4954584622559e-62,1.06580985762341e-18,1.4788649215155e-23,5.9241952701973e-35
"EL5",12,7.03744483983292e-20,4.8450544504904e-33,9.83924283670023e-09,4.78616503873849e-08,0.0117309012805238,3.37296669851993e-07,0.013806311638867,7.26737905332399e-32,9.11448636165441e-57,4.74952866691062e-07,2.04934273669631e-49,0.974461916503456,6.26723745173705e-10,1.15626207839412e-24,3.07063020565946e-41,2.01385310872652e-65,2.41551901001468e-18,5.21240584600689e-24,6.33480090725853e-32
"EL6",12,2.01240375299142e-21,1.70557254014209e-32,3.51632930089506e-09,5.14733630435634e-10,0.018434382669996,1.82387702679018e-06,0.027496206844212,1.02562053361864e-33,7.17522774638299e-64,7.80732317175566e-07,5.63384354861905e-52,0.954066801834048,1.13366017384036e-11,2.19469304646137e-29,1.61707777113512e-42,5.19375596807901e-67,3.6642826464998e-19,1.73728971333667e-23,7.4415248169627e-37
"ES1",13,2.27434909830275e-10,3.48149914792873e-19,0.00342905822290937,0.181581122296015,1.50524764990279e-05,0.00346047044033148,0.504766834710785,1.44530286070733e-25,6.77921229992229e-54,0.0220651759655679,3.63722123655754e-29,7.72760844122058e-06,0.284448957504578,5.4321538723507e-10,4.04081443717984e-23,1.01672036754258e-48,0.000225497188210404,1.02816011708293e-07,7.22008205329746e-45
"ES2",4,4.92958962092001e-05,1.44963903774167e-13,0.0188711358553899,0.868069608304231,1.66256961020775e-10,7.31108604100647e-05,0.000716026866091851,1.4731718751278e-17,6.56794311406086e-40,0.0330462734931173,1.32364278858758e-21,1.340151548783e-11,0.0671710816271786,6.6384049866316e-07,2.49163556586874e-14,7.51812206492509e-35,0.0119978324989301,4.97057811513269e-06,3.82607783174467e-47
"ES3",4,0.0871754661759794,4.30036024040331e-12,0.214094919358705,0.576669451662349,6.57631534302985e-11,0.000198989631864891,0.000389809031843897,4.8835977097049e-11,4.45068098514273e-29,0.11059769314118,7.46402354137474e-18,2.46043171377299e-13,0.00426521045753409,1.01946208115177e-06,2.72944525084669e-10,7.39901366637439e-28,0.00660352395072123,3.91673565124724e-06,1.90298740240124e-43
"ES4",13,1.89169541056045e-12,3.63449932304277e-19,0.000304863885815761,0.0417160017607263,9.31905295007629e-07,0.0011176377432977,0.119803187179464,3.58388518084411e-30,4.17786877114649e-63,0.00373471820661398,8.47882988509897e-30,7.42516843559642e-07,0.830897998259466,4.37747777748947e-10,3.38098749161521e-24,3.74910394862702e-52,0.00241812865902017,5.78944381789349e-06,1.84486408506173e-51
"ES5",7,7.20260124515352e-09,1.77805901736779e-14,0.0153156549840044,0.178739100270115,2.80161038041838e-07,0.00713673526785542,0.230487085853546,2.86675069693879e-24,1.8410734646053e-55,0.431450523888099,3.85527729642362e-28,3.24555632712271e-07,0.131785740559496,1.28980379867007e-11,8.14639405043561e-20,1.85311811753376e-43,0.00506598781675246,1.85594279432902e-05,2.14116369182568e-51
"ES6",7,2.54641111858127e-14,7.80919637834283e-21,0.000123697845316406,0.00987787764426733,2.75983942155529e-05,0.00267912483477978,0.712144715373908,1.45230219283586e-32,1.51023819725027e-67,0.00349807370773061,2.78580973603331e-33,6.3346494108754e-05,0.271446720585469,2.04440676171935e-12,2.1242459538352e-27,2.64511087848511e-56,0.000138493809706229,3.51308428606521e-07,6.33990655232949e-51
"ES7",7,1.10417716522813e-12,3.42219590309222e-18,0.000700123999817593,0.0131621988912112,5.27080883439832e-06,0.0099572686561116,0.709865780257059,2.02635382623071e-30,4.64768340366583e-66,0.0236714789848361,4.32267061899851e-31,4.73738808503246e-06,0.240812843933366,1.70204187648121e-12,1.77828054920027e-24,3.01195822394242e-52,0.00180116640427007,1.91306736024796e-05,2.71072398162567e-53
"FI1",14,6.43904332762085e-11,2.83705137045929e-33,5.43928017923889e-16,3.92778464365333e-17,4.02145621576009e-29,7.20340081585183e-18,8.62333200334914e-22,2.79237809100401e-17,7.12527200790792e-27,2.59087863546338e-22,0.331032224787304,9.3313509937327e-44,2.02558109385247e-14,0.668967748993827,4.47477506507709e-10,1.43717863078436e-37,8.40816090075277e-09,1.72988191576012e-08,4.30212792428822e-54
"FR1",15,0.0589544412044593,2.38755874760144e-07,4.59930317804357e-08,3.52252134309189e-09,2.19915479543251e-28,3.18600120796959e-13,1.85578078491245e-16,4.19261257015229e-10,2.03285624964827e-29,6.15912660710781e-09,1.84834358720336e-09,7.47486108257293e-34,3.62667562054124e-11,4.46970808485947e-10,0.939280145777818,5.5762337358331e-14,0.00094133293710831,0.000823782898843312,1.09045430465075e-69
"FR2",14,8.06508089683734e-08,1.74590463540405e-24,2.3533690557028e-06,0.000274770960862968,4.78770028032639e-13,3.36963396417392e-08,7.8053053281602e-08,5.9795581139204e-19,3.50207249666566e-34,5.32895744897218e-09,5.18118491884333e-15,1.13022814232941e-18,0.00178418605051372,0.997744831467625,4.63975543546119e-16,5.47508508581873e-42,0.000193588867200612,7.15550982304246e-08,1.15724144488296e-40
"FR3",14,1.10465821528142e-11,1.00860475134798e-31,5.99734597892018e-12,4.66916992244375e-09,1.21388404643823e-19,1.28272531779178e-14,1.74060866142617e-14,8.76345629124388e-22,2.4259458895678e-31,6.68821321749198e-16,5.28774363829081e-15,9.66784456987701e-27,5.64671317369545e-08,0.999999932841656,5.29392781113192e-19,1.5421440329781e-45,6.00442753186095e-09,5.35076651980995e-13,1.00274839782516e-41
"FR4",14,6.01296431831814e-10,4.03854875254496e-30,7.63444865075262e-10,8.36968742648685e-08,8.86719187345534e-17,5.39525950800091e-12,5.67031920125636e-12,2.29899357076066e-19,8.89681458962627e-30,1.1395937512281e-13,4.92674134331453e-14,3.50891851137848e-24,7.26588687171282e-07,0.999999095713113,1.12557273810762e-17,5.17285184566282e-44,9.26060394166425e-08,1.93162556821386e-11,4.29354028383979e-39
"FR5",14,2.44116587049033e-13,3.59476630448492e-34,2.8109872423685e-15,3.36612921523373e-12,5.27698242475374e-25,1.43785858547354e-18,4.32558709184237e-19,5.23001298662068e-23,1.87616880171145e-30,6.0019531016722e-20,2.69671608949064e-13,2.63034824520932e-33,7.90966989493947e-11,0.999999999807945,1.08609053129618e-18,3.37362577199727e-45,1.09058008726912e-10,1.75470910285967e-14,3.58097743725337e-46
"FR6",14,5.87798409283965e-13,2.44302486372327e-34,2.99118399472058e-15,3.36220776078129e-13,3.17155513006039e-25,5.65631296457643e-18,3.30018675874748e-19,5.45216855704515e-22,2.54416907714893e-30,2.6370490213802e-20,9.7791310819083e-11,4.87527174037834e-35,2.16502880382568e-11,0.999999999521499,3.63306143849059e-17,2.16534792153596e-44,3.57586630636272e-10,5.45811958955076e-13,2.5939243316977e-47
"FR7",14,6.26599787013189e-14,5.86210377739417e-33,2.91672704194862e-17,9.51146660068069e-15,5.15918812864245e-30,1.43446401630138e-20,1.98643085583063e-22,2.32885513547184e-24,1.31551079724337e-34,2.99413167151248e-22,2.10233638103095e-09,7.10809169331906e-40,1.86911216271038e-12,0.999999996693876,1.31634322211031e-15,8.1182822578232e-43,1.19374445132943e-09,8.10024978432569e-12,2.42340036079984e-56
"FR8",14,1.50702436246465e-06,4.59423773565743e-24,3.89370561180126e-06,6.20019521147212e-05,1.30006393628115e-13,5.02672467454196e-08,3.03642816992374e-08,3.41060019528632e-16,4.01741192102208e-30,3.76175569860455e-09,1.51224334687711e-12,2.2261898347849e-20,0.000253671157444569,0.999479898032859,6.4720994059257e-14,5.51422473933576e-39,0.000198726458410815,2.17274204889348e-07,4.10461867179109e-40
"HR0",12,6.51953342520943e-14,6.6174400344819e-40,1.0381252585303e-07,7.76339438160328e-08,0.941069885218276,2.0847677416451e-08,0.00148699899299914,1.27008071970151e-15,9.66459728143499e-18,7.18769966834413e-09,3.05874614973076e-43,0.0557710266974647,7.28987496819125e-13,3.40185489426021e-20,2.48690034467277e-38,1.77339022691975e-56,1.12586719864577e-23,1.87673657222637e-32,0.00167187960861807
"HU1",5,0.0274085496811009,4.02643247456266e-23,0.38215727498478,0.277439133200997,0.0149314568795419,6.0339833439572e-05,0.159136695293323,0.0124022022802951,0.00937339494006984,0.110226582701378,1.6430133607528e-31,0.00686432618448369,3.94439206221876e-08,4.72944368378036e-14,8.66039341988014e-22,2.07317844338086e-32,2.87368306976595e-15,1.43005281601149e-23,4.576620811802e-09
"HU2",5,2.08924771566526e-13,4.27083705238977e-38,2.55103270917212e-07,8.45189903916425e-06,0.264990301544093,5.02837947174783e-09,0.00143234780382629,1.40899936705052e-16,6.04999753779743e-18,3.80478715422117e-08,8.32627710862476e-44,0.733282979226434,5.04754063832904e-11,5.30937838206332e-18,5.05715703173272e-38,1.27419734649612e-55,1.63593698834317e-22,2.76642156792275e-32,0.00028562129640051
"HU3",5,2.97345656370321e-16,3.43609305214464e-42,8.94157049646518e-09,3.39964690362153e-07,0.740391664905472,2.23111427794496e-09,0.000734962771656693,1.37774891991216e-20,8.85111508661498e-24,5.1291297382711e-10,1.4628230552097e-44,0.258706460740475,3.19978802220628e-11,9.23390549419561e-18,3.41847692713169e-41,2.86519815178737e-62,4.09885797456457e-23,1.6550710747765e-32,0.000166559900109934
"IE0",6,0.0030277501735249,4.816496275119e-18,0.0830625422517742,4.61673627384656e-10,2.15695232148702e-05,0.783188647147091,0.0434961602454882,0.012658841981174,3.88887910570418e-22,0.0745444882121369,3.23188677786774e-25,3.23990338610261e-12,1.73127587777796e-14,9.3347390326075e-26,4.23033557725967e-15,2.53145498784136e-28,3.75200979200233e-13,2.85206239879574e-13,2.07050566574876e-33
"ITC",10,3.80727381690795e-07,1.96438164241218e-12,0.0201042869344166,0.000490972484706551,1.93880161535501e-08,0.0117653444042928,0.0343141096627206,5.79904360267603e-19,1.06512896104758e-49,0.933268074642993,7.16140743355846e-28,1.49747383898872e-09,1.74672917213023e-05,4.38364358922127e-17,3.1961670397928e-17,6.78543333761603e-37,3.73885521432096e-05,1.95441217028274e-06,2.29650520678713e-52
"ITF",7,1.21851930980573e-15,1.14268236373244e-25,1.60986711015024e-05,0.000120727375663546,0.0046349605128792,0.000562706514435899,0.975030313552553,2.55894657193636e-30,2.7880701955099e-60,0.000443271631163992,2.95129939138026e-39,0.019113900125815,7.80213179683733e-05,1.49695405338424e-17,2.02760500549051e-32,7.18355924491579e-59,2.98371215401962e-10,4.65296823224692e-14,1.28941167392076e-40
"ITG",7,2.2551799588676e-16,1.16130587940092e-24,1.04806125291235e-05,9.2419045729726e-05,0.00182318572763635,0.000602031318646811,0.973792877489886,3.03504890241853e-32,5.30236907745514e-65,0.000740630934979226,2.9285114196033e-40,0.0228216319264129,0.000116742001633167,1.99923198599843e-18,8.90111874103121e-33,1.0656915667481e-59,9.42201573354827e-10,3.45106301329648e-13,2.37929481079632e-44
"ITH",10,1.13569681906662e-06,7.44088983240377e-14,0.0519202294768617,0.000190815441780972,3.1556060679013e-07,0.121762824974595,0.157081482348024,2.00519340430147e-17,2.1164581930532e-47,0.668974276932532,8.79013581143845e-26,8.74398792809219e-10,1.34580339772793e-05,2.08370060282004e-16,1.16336675678155e-16,2.96103124355935e-37,4.83380128732393e-05,7.12264745731418e-06,1.62176588204222e-49
"ITI",10,1.91341505757675e-06,7.74524855360077e-16,0.0824688953796022,0.00179195395408133,5.03880202100423e-06,0.0782144378933456,0.399238976071636,1.40542955218837e-16,8.03478598732247e-43,0.438205166887597,4.42379662086931e-26,2.44439105699471e-08,6.33628151329393e-05,1.46118285291258e-14,7.92763155012123e-18,2.02296676027722e-38,1.01155832636638e-05,1.14754335962806e-07,1.45723331586956e-43
"LT0",5,7.98492281176303e-09,2.39469281349432e-37,1.45981740752411e-05,1.96550834525202e-08,0.75990788028582,4.68260234023211e-06,0.00385702628026155,1.79089612419364e-06,8.95164393551301e-06,6.04876466629099e-08,1.6475245372629e-33,6.10151472295065e-06,1.24423398451764e-13,2.98738633748758e-18,3.30970938486144e-30,9.44546930095342e-47,1.44963969634035e-21,1.50884788291311e-28,0.236198880474943
"LU0",16,1.536292365373e-09,0.00139849927776637,7.68222804715004e-22,1.94577312181358e-25,2.87948067834246e-53,7.45500410844394e-31,5.5186214835601e-36,7.09734635120732e-14,7.92429708801867e-35,7.88563387178319e-20,3.5035992525831e-25,2.00050847378512e-55,4.47721557901604e-32,3.44313832769534e-36,0.00291925830755759,0.995682240878313,3.01356834019595e-19,5.24385311848872e-18,6.19255319367611e-104
"LV0",5,3.40564812499728e-12,1.21690826804102e-40,3.01991393037711e-07,5.89880345992979e-11,0.998258639204774,3.98939143296284e-06,0.00166568355847657,4.96979834843534e-11,6.74810555294167e-15,1.09141297926749e-09,3.53839501827273e-35,6.67893211414064e-07,6.62114281541451e-15,1.44818102848183e-20,1.97846087249928e-33,2.87617815265809e-53,1.74998063528031e-22,2.81544461858256e-28,7.07167571938694e-05
"MT0",7,3.06198508451222e-16,6.53335733787197e-18,2.41550359034909e-05,9.87998333603016e-08,7.6663977426317e-06,0.0964482440704569,0.882063208386162,1.60773678867872e-33,4.44105426537727e-79,0.0214476459846261,8.01798696694892e-38,2.25156051776673e-06,1.72024519339004e-06,2.59372041289714e-24,5.42191955230763e-28,2.36643313186984e-55,7.86511777421896e-07,4.22300778681566e-06,2.38906277251586e-62
"NL1",17,0.0145679853583185,6.64284688928259e-17,0.00123474476645683,7.37871183931067e-05,3.47669251804542e-14,4.09475528040954e-05,4.41146835116974e-07,2.95894001204084e-11,7.58558406997344e-30,2.67471815762754e-06,8.62402188721748e-07,1.64692456620619e-22,0.000303953438485639,0.0683639315429873,2.03563507953281e-06,1.16192416582455e-29,0.705139874952853,0.210268761337816,1.39117448741112e-47
"NL2",18,0.00675408078865588,9.11198006500577e-20,0.00426320923389803,2.36616280781782e-06,3.14251523540491e-11,0.00762337128415061,2.2688910182813e-05,5.54059990792359e-10,1.01645377321581e-29,2.49165364885734e-06,1.48785102518217e-05,7.22586415391217e-22,3.67705910088063e-05,0.00279971190931626,3.5527642265125e-07,2.26734221728731e-32,0.176834723564764,0.801645351529407,1.068469212415e-43
"NL3",18,0.00278054625260616,1.16157986238042e-15,1.32835686899346e-06,1.94662106321164e-11,1.89933942063634e-20,2.19871361811176e-07,1.01990077038351e-11,2.38629769629346e-09,1.16726496881232e-31,2.4863597369085e-09,0.000165052043367462,9.40683178092127e-32,6.2988205690807e-11,3.06775351778111e-09,0.00566689663883188,6.54913084456917e-24,0.00280240083412286,0.988583547969775,1.48795632719787e-59
"NL4",18,0.0041303176603236,9.27455942206315e-16,0.000711140600040014,1.08101175952959e-07,2.50684762156881e-14,0.000432560917487155,5.09967236415019e-07,1.33393691755576e-10,7.30382373912328e-34,5.09615673327858e-06,4.92178576636353e-08,9.68391310825784e-24,3.40787612589011e-07,8.26900017450426e-08,4.17834484838282e-06,1.6691586362389e-28,0.0424070042430933,0.95230861118017,2.44558783257898e-52
"PL1",7,7.02134280480437e-05,1.20548686045128e-29,0.0117281252018434,3.97327614588208e-06,0.790739272486201,0.00124241133655574,0.1893156300595,0.00660044456069015,2.13297937102258e-05,0.000258779974978536,5.39565682595049e-30,1.91159527726981e-05,1.12101153868456e-11,1.31734236531393e-17,4.16576740708221e-24,1.98500967315562e-38,1.11587577481964e-17,1.10612778832025e-23,7.03918344873417e-07
"PL2",19,2.54341867025257e-14,5.66323481592151e-44,2.03095681753281e-10,1.23803869229556e-11,0.000226659137870077,1.33792624621647e-11,1.79432510289035e-07,1.93609542348156e-12,1.50275065660339e-08,1.04798834190328e-12,1.89033626436651e-41,8.7340394717414e-08,2.56471577406407e-17,1.00997983373287e-21,5.25052912980915e-38,2.29931299690206e-54,1.88685737988755e-27,3.31263947904498e-36,0.999773058829853
"PL3",19,1.65445788591845e-18,3.701443238667e-49,6.65981941016303e-12,1.05103231087053e-14,0.0522892723538122,1.11354963733787e-10,1.32237715295047e-06,4.77599084730832e-17,4.73082142294517e-18,3.56550272569751e-14,2.26975656769486e-45,1.09989153492841e-06,2.820996828242e-19,4.24848333816668e-26,1.56756143004458e-43,1.45620852061996e-63,8.84461319879584e-30,2.54677825022623e-37,0.947708305259439
"PL4",19,1.6620366149782e-13,9.3818609889901e-42,5.95705288770472e-09,9.51259092961841e-10,0.0105154706111226,3.45498760016737e-10,1.07159875220749e-05,1.39405279136538e-12,3.35987687820425e-10,1.01580771362041e-10,2.856765235166e-42,5.17731100488709e-05,1.5497799042678e-15,3.12635921288541e-21,1.02170323747659e-37,6.55044573767833e-54,4.59558111131049e-26,4.74117230686434e-35,0.989422032598365
"PL5",19,1.28400718918382e-11,6.20748618943963e-40,8.2980188665933e-08,5.69385547696107e-09,0.0174966453856591,3.756569856392e-09,4.20236428634403e-05,3.32406178030918e-10,1.61204068774388e-07,8.60988400931363e-10,3.74785277881829e-39,1.81254902530766e-05,1.01111588388028e-14,1.10527751691186e-19,7.55695024862717e-35,1.03531450869368e-50,1.76994351787267e-24,4.53904351872421e-33,0.982442950640297
"PL6",19,9.4359184393704e-14,1.29114391938784e-42,1.80651131650798e-08,1.56833472997861e-09,0.231603394370821,7.77878239945653e-09,0.000131033573128619,1.34341854314699e-13,3.95027027288915e-13,1.35631764337255e-10,3.14621642966866e-40,9.95050962963875e-05,2.5217278379975e-14,1.53767561827276e-19,1.6533573707495e-37,3.126883431533e-56,1.45262926511031e-24,7.06748873273263e-33,0.768166039411243
"PT1",6,8.50286400438624e-23,5.26220407383817e-25,1.13546786038609e-09,1.21515275966672e-18,4.01113935348201e-07,0.99091521917509,0.00797541002173813,1.2598029182027e-38,3.07097775630302e-97,2.18608981878022e-07,2.6794637876049e-37,2.36615720031295e-14,1.40134957962687e-14,1.49633956850248e-35,2.95298383146692e-31,8.66477821994305e-65,2.21637401545643e-10,0.00110874972311114,1.40134613891467e-74
"RO1",5,3.43170573543653e-21,4.56570678022775e-44,3.03842095032354e-11,3.50239107027634e-14,0.978507879116048,9.52583086449807e-09,0.000269074313224637,2.37343494108354e-24,5.32740221411727e-38,3.56912618305403e-11,1.36830366298104e-52,0.0212230369785292,3.79063196567016e-18,6.73274312945409e-32,2.10277384314425e-46,1.70867804113918e-67,3.55233444718943e-28,1.9404845678038e-34,2.56779587864614e-13
"RO2",5,1.79912156648338e-30,1.17704541596263e-50,5.9029426452317e-16,4.54776375218868e-28,0.999944397683921,1.04841193453921e-05,4.51173438231838e-05,3.54111931188394e-33,1.1408561069102e-69,1.45098022526895e-15,1.20789670329751e-55,8.52908812261711e-10,2.31182470843478e-28,3.60035205395928e-50,6.3096610052294e-52,5.3775744537312e-81,2.52276063359767e-32,3.95243129546558e-30,1.64278584478074e-33
"RO3",5,5.95578863199301e-16,5.70395085017882e-36,5.00511758535524e-08,1.97567743284178e-15,0.985899684546235,0.0002033446764615,0.0138796240183429,3.52934359372242e-16,2.00058020003231e-35,1.04523300841775e-07,4.23671447208966e-45,1.71921844811254e-05,1.26140814719561e-19,1.97341753652119e-35,7.29559906164105e-37,3.57631848969289e-55,7.27872546241227e-25,1.83191921363295e-27,6.77863394834543e-21
"RO4",5,1.93787308048756e-27,2.78674375494975e-50,4.76746438377198e-15,1.38901758573227e-25,0.999983234985941,3.45500238664999e-07,1.63824709936153e-05,1.89254331289181e-27,6.71626555702323e-54,6.3169712097135e-15,4.71705687201657e-56,3.70428154104291e-08,4.9794785596211e-28,9.95833977321522e-48,6.11347892806227e-51,2.40300997234276e-75,5.31861389656483e-34,1.5981316963323e-34,3.09242264708035e-23
"SE1",11,1.29151018645972e-21,1.5159675107946e-39,1.2763874155972e-29,5.22497624020674e-36,6.4678219678275e-49,2.00095291157802e-29,5.72376296924993e-38,2.7751307841164e-27,2.40842981771461e-48,1.35951242716509e-36,0.999999999469406,6.7648473013854e-70,5.41398084816215e-31,1.65873075509406e-16,4.4336527424037e-11,4.31481520555273e-40,7.54076233136419e-17,4.86256835777234e-10,6.18511958779479e-90
"SE2",11,2.72323589231052e-20,1.12354249745548e-41,1.64841886077386e-25,1.56759130121703e-29,3.72375361283236e-40,7.4078303680433e-25,1.70759649964325e-31,7.44320789592701e-28,2.37087889382546e-46,7.54436529282411e-33,0.999999982737151,8.34175521243207e-60,8.02163094842778e-24,1.07111913769328e-08,7.8652671727344e-14,8.06726318421999e-47,1.48766946308683e-13,6.55143024852226e-09,1.71764724518427e-75
"SE3",11,1.01781089893493e-08,2.47330137732452e-30,4.8161493534548e-12,1.0716695251377e-14,5.26679336416551e-23,1.97560585357337e-12,2.09963193800203e-16,5.18378078798947e-15,7.11553997127522e-29,8.13820413220153e-18,0.835961470473671,7.96028482081059e-38,8.05103864491036e-12,0.163977088928502,6.63578688771493e-09,3.15436023775624e-37,3.27142504237109e-06,5.81523440301491e-05,6.6405720119717e-51
"SI0",7,0.00205018295829262,2.24303971499963e-28,0.134948241763735,8.53858284001817e-05,0.0481094714008231,0.317287067687072,0.497439781982797,2.52334110034556e-05,1.57377822220243e-13,5.07169797365901e-05,1.60334715046853e-15,5.74818244843953e-11,2.38766888665026e-06,1.52345131963946e-06,1.13114640480742e-16,3.88164200463244e-39,6.80583826443139e-09,4.4541592577411e-12,4.2751363603539e-16
"SK0",19,1.96524564922452e-10,2.90613627318786e-37,2.26073931945838e-07,1.36753956127997e-06,0.00111119093529837,2.07079607849209e-10,1.39710573432361e-05,6.31363602364321e-10,0.000102733677859616,7.03921244113171e-09,2.68734098827088e-40,0.000238431235993666,3.43163745285334e-13,9.59779930966485e-18,4.2482320227945e-34,9.62990206706774e-48,7.65169120222838e-24,5.79629608085725e-34,0.998532071405488
"UKC",6,0.000209292779122513,2.83629309391052e-25,0.12069956950897,0.00196024271049252,0.000888164637593433,0.473744860743278,0.395039787911607,5.13637252936499e-11,4.72472376978785e-26,0.000115423052515896,2.38536941438049e-13,4.51603059822017e-12,0.00368599554484172,0.00347422019643372,3.74621233430623e-15,4.35125051265732e-41,0.000181374692060502,1.0681669622929e-06,4.93805851621699e-27
"UKD",6,0.000539567294185306,1.46495968156065e-24,0.0205755578240847,5.41943139580877e-07,4.82904866449457e-06,0.966024205767634,0.0123246205340687,7.48535163987821e-09,6.28985104800106e-27,7.47165170055723e-06,2.9256274735181e-09,2.48508061569688e-17,3.30257564837381e-06,4.05447553608186e-06,9.79827054351424e-12,1.11324287367395e-37,0.00017994492383994,0.000335893540721471,3.99815577923658e-33
"UKE",6,0.00015124159317987,8.58791054145189e-25,0.0290054795857743,5.92143800396943e-06,3.04301262689743e-05,0.923701369518368,0.0467339654081059,2.21171990727135e-10,1.71089757539167e-28,1.85956970566166e-05,4.73448097324952e-11,1.80814162236057e-15,3.54054722097669e-05,1.62793313975107e-05,2.99110906581844e-13,1.41555681380326e-39,0.000215334998617417,8.59765621999095e-05,4.09306603946518e-32
"UKF",6,3.2866510520503e-06,6.18941462754551e-26,0.000965051838901298,1.11002834783291e-09,9.73386163827134e-07,0.993940096410442,0.00269989766201912,1.50178623234959e-11,3.32589280820298e-34,4.12668071398231e-07,5.85180970613088e-10,3.07894089486964e-19,4.91058402001835e-08,3.35737992204127e-09,4.98704048458429e-13,8.24626373138327e-41,3.7487010015361e-05,0.00235274019938874,3.346242048749e-38
"UKG",6,5.41906285823923e-07,4.59902226241235e-26,0.00135998781085688,3.75355183049936e-09,2.31952815636819e-05,0.980257292521586,0.0183476168297401,2.10190570889341e-12,6.07827206077332e-35,2.8724438000605e-06,1.13939119521369e-14,3.86679736517563e-16,2.78974831439027e-08,1.37921891917136e-11,7.51357140627376e-16,2.149092045405e-42,9.18136112139001e-07,7.54340311380524e-06,6.10598701430142e-36
"UKH",6,1.04996363925897e-05,1.0796160201151e-24,0.000533993618678514,1.64558887058244e-11,6.28694828285724e-08,0.995471909200181,0.000461405245175701,1.38105378520458e-09,2.33204059594517e-33,3.16860252453859e-07,1.66027949173966e-09,2.78077096006568e-21,2.9402247657915e-10,2.35750663743685e-12,1.72091158506023e-11,1.09906432860914e-37,5.34828014914158e-06,0.00351646091830879,5.76679755661692e-41
"UKI",15,9.2688154919729e-05,3.97190071234012e-15,2.53415432166056e-11,7.050996362865e-22,8.94978286449604e-29,2.01874769313718e-11,1.4459628094343e-18,7.22479931398683e-05,1.07981205439966e-29,1.0498513093579e-13,4.16351935355169e-06,2.38541579590446e-43,4.86215802719711e-23,3.66814486206683e-24,0.99961144403547,2.55296229675209e-15,1.94072913692541e-10,0.000219456057403641,5.22226410441536e-72
"UKJ",6,0.0010910733542337,2.75214665858343e-23,0.000338233424639846,4.71874745426117e-14,2.63492468773971e-10,0.906160252296054,1.08559260288745e-05,0.000112295234131324,8.87454813882061e-28,5.42243464395235e-08,0.000103304557771799,2.97086427774771e-26,4.43251959285477e-13,4.27067492954687e-14,7.21539269392407e-07,3.36844308704121e-31,3.14085188771185e-06,0.0921800683276113,1.3699627617499e-43
"UKK",6,0.000224042433227447,5.42479477663075e-25,0.00161714580425955,3.84215198243002e-10,3.6509279341155e-08,0.912458262744701,0.000355466373741108,2.0983668612902e-08,2.04785526430263e-29,1.6624378896206e-07,1.98673397101486e-05,3.23933858007862e-22,1.87650616276125e-08,1.15378382990331e-07,2.03970439683897e-09,1.34165430863117e-36,0.000320460095189374,0.0850043949050706,8.95023731218514e-39
"UKL",6,7.10679329589375e-06,1.19065794089928e-28,0.00266173533956126,7.78906191153049e-08,5.28250242234657e-05,0.981450617625235,0.0155696347044758,3.88140197599423e-11,3.10941354221915e-29,2.26280530846628e-07,4.8381127385794e-09,2.14838172987099e-17,4.22410608212347e-06,5.71647503467343e-05,3.61882214692938e-14,4.19022802154016e-43,5.77301670037001e-05,0.000138652441663164,1.04002003219059e-30
"UKM",6,0.0107027061194513,3.74435728574248e-23,0.059658587815263,5.01613383205276e-07,2.93077964662043e-06,0.919613554752388,0.00991945932498793,4.43446850064279e-06,1.61443486658112e-22,3.36029244367561e-05,1.30379764291269e-09,2.715781181028e-17,3.6663169447481e-07,1.36790180298397e-07,1.30340729756787e-10,3.86702764809034e-34,2.85824046403659e-05,3.51349412885282e-05,6.8720847788582e-32
"UKN",7,1.3494769641805e-08,1.89032458117832e-27,0.000887324461422893,5.91876190965875e-09,0.00160942104303826,0.841212588248993,0.156281904863866,3.4662852984396e-14,8.78069412188933e-37,8.72094947696402e-06,2.21305055877538e-20,1.36677869959505e-12,9.85983557764993e-09,2.10280533609564e-14,5.12173685229545e-20,6.26668249717629e-46,5.84763002873323e-09,5.31078278442486e-09,7.71815645236884e-33
